{
    "KL": {
        "type_id": "opencv-matrix",
        "rows": 3,
        "cols": 3,
        "dt": "d",
        "data": [ 2.2367364907818937e+03, 0.0, 8.9017626902724953e+02,
            0.0, 2.2624392825172395e+03, 6.2153364646176567e+02, 0.0,
            0.0, 1.0 ]
    },
    "KR": {
        "type_id": "opencv-matrix",
        "rows": 3,
        "cols": 3,
        "dt": "d",
        "data": [ 2.2534142419990330e+03, 0.0, 9.5670512428813288e+02,
            0.0, 2.2813428380414962e+03, 6.2851925634315478e+02, 0.0,
            0.0, 1.0 ]
    },
    "R": {
        "type_id": "opencv-matrix",
        "rows": 3,
        "cols": 3,
        "dt": "d",
        "data": [ 9.9997299181586852e-01, 2.5460810852409835e-03,
            6.8944260042719850e-03, -2.5223730200042856e-03,
            9.9999088392258539e-01, -3.4452439789294975e-03,
            -6.9031350246795938e-03, 3.4277606150041446e-03,
            9.9997029815089866e-01 ]
    },
    "T": {
        "type_id": "opencv-matrix",
        "rows": 3,
        "cols": 1,
        "dt": "d",
        "data": [ -7.5642054732490024e+01, 1.7924892891678808e+00,
            1.7569695151279472e+00 ]
    },
    "d1": {
        "type_id": "opencv-matrix",
        "rows": 1,
        "cols": 5,
        "dt": "d",
        "data": [ -1.3897520968114191e-01, 5.3913606273237469e-01,
            5.0296953711887592e-03, -6.1241476979413516e-04,
            -1.7967334926653915e+00 ]
    },
    "d2": {
        "type_id": "opencv-matrix",
        "rows": 1,
        "cols": 5,
        "dt": "d",
        "data": [ -1.2063667933956279e-01, 5.2960482072463155e-01,
            6.6572080737374020e-03, -4.3139055657523710e-03,
            -2.2272991193004037e+00 ]
    },
    "E": {
        "type_id": "opencv-matrix",
        "rows": 3,
        "cols": 3,
        "dt": "d",
        "data": [ -7.9420630914890794e-03, -1.7508092742696058e+00,
            1.7984892375646553e+00, 1.2347547452091865e+00,
            2.6375624289982946e-01, 7.5651921319908453e+01,
            -1.6016433992521848e+00, -7.5645928996737936e+01,
            2.4824714885334873e-01 ]
    },
    "F": {
        "type_id": "opencv-matrix",
        "rows": 3,
        "cols": 3,
        "dt": "d",
        "data": [ -1.4560552790049686e-07, -3.1733739999371630e-05,
            9.3604080035323736e-02, 2.2360201535766265e-05,
            4.7221050874148094e-06, 3.0414500455760352e+00,
            -8.0083031527106038e-02, -3.0622561925534089e+00, 1.0 ]
    }
}